4
8
12
24
28
38
40
42
43
46
57
61
65
66
68
69
71
75
78
80
84
85
93
96
98
99
102
104
107
115
116
119
137
147
151
153
155
157
159
164
165
168
172
173
175
181
188
190
192
194
200
201
211
216
226
227
238
241
243
244
249
252
253
255
263
266
268
272
276
278
285
294
297
298
306
315
316
318
322
329
334
335
341
344
350
353
357
360
363
366
374
381
382
394
396
397
398
400
403
405
413
418
420
422
423
428
434
435
437
438
440
446
454
455
464
467
471
472
474
476
485
493
494
495
497
501
504
505
506
513
519
522
528
530
531
532
537
539
540
543
546
549
558
563
564
570
571
575
580
583
584
589
593
599
601
605
606
613
614
615
616
620
622
623
624
625
626
631
634
640
642
646
652
657
658
676
677
684
686
692
703
705
713
714
716
717
719
720
726
727
733
735
737
739
745
746
749
754
757
758
766
767
771
773
782
785
788
794
796
799
800
804
807
808
809
812
814
815
820
822
825
830
832
833
837
838
842
847
848
851
853
862
864
865
866
867
869
874
880
884
885
888
890
892
893
894
895
898
902
910
914
916
917
921
922
924
926
929
932
933
934
942
945
950
953
955
961
965
966
968
971
975
978
980
983
989
991
992
994
999
1005
1006
1012
1014
1019
1023
1024
1025
1027
1029
1030
1034
1035
1039
1042
1049
1054
1055
1057
1068
1071
1072
1073
1081
1083
1085
1086
1089
1093
1094
1098
1100
1106
1117
1120
1122
1126
1131
1133
1139
1142
1147
1148
1152
1159
1167
1172
1174
1175
1179
1181
1183
1184
1188
1204
1206
1214
1215
1217
1220
1223
1227
1228
1233
1235
1242
1245
1252
1255
1263
1265
1271
1273
1274
1280
1284
1292
1293
1295
1301
1303
1306
1307
1308
1314
1315
1318
1319
1325
1333
1336
1337
1339
1345
1354
1355
1356
1360
1362
1365
1366
1368
1375
1384
1387
1395
1409
1410
1412
1414
1416
1419
1422
1426
1427
1429
1435
1437
1438
1449
1462
1464
1465
1467
1476
1478
1482
1484
1487
1489
1498
1501
1504
1507
1511
1512
1520
1523
1529
1532
1539
1543
1550
1551
1563
1564
1582
1583
1586
1587
1592
1593
1599
1600
1605
1609
1610
1614
1623
1626
1629
1632
1633
1635
1638
1642
1644
1649
1651
1652
1653
1658
1659
1661
1673
1676
1686
1687
1691
1693
1695
1696
1698
1699
1701
1702
1708
1710
1714
1718
1719
1720
1721
1722
1724
1730
1731
1732
1735
1739
1740
1743
1746
1748
1750
1753
1761
1770
1772
1773
1775
1787
1797
1799
1800
1801
1803
1805
1808
1810
1818
1819
1821
1825
1837
1838
1839
1843
1848
1849
1852
1856
1861
1867
1868
1875
1878
1880
1881
1883
1888
1890
1896
1898
1900
1901
1903
1906
1907
1912
1913
1923
1925
1931
1932
1946
1947
1955
1957
1959
1960
1961
1962
1969
1972
1977
1985
1987
1994
1995
1997
1998
1999
2003
2009
2015
2016
2020
2021
2031
2042
2043
2048
2049
2051
2052
2054
2060
2061
2062
2065
2067
2070
2072
2076
2077
2078
2086
2087
2089
2093
2099
2100
2103
2105
2107
2108
2112
2114
2115
2117
2124
2125
2127
2129
2130
2139
2150
2163
2164
2168
2171
2180
2185
2186
2188
2189
2190
2196
2202
2206
2214
2216
2220
2225
2232
2237
2238
2241
2243
2244
2246
2250
2251
2253
2268
2273
2281
2284
2286
2289
2290
2292
2293
2295
2298
2305
2308
2309
2311
2313
2314
2315
2317
2318
2319
2323
2327
2335
2337
2338
2340
2342
2346
2347
2352
2354
2356
2357
2360
2363
2367
2370
2375
2377
2380
2381
2386
2388
2391
2392
2393
2394
2397
2398
2400
2401
2410
2415
2417
2422
2424
2425
2430
2434
2437
2439
2443
2446
2447
2448
2450
2451
2455
2462
2463
2465
2470
2471
2472
2473
2474
2478
2481
2485
2486
2489
2497
2498
2508
2509
2510
2513
2515
2517
2519
2524
2530
2553
2559
2568
2571
2573
2580
2587
2588
2591
2594
2598
2602
2603
2616
2619
2620
2622
2625
2626
2629
2631
2634
2637
2639
2640
2650
2651
2656
2658
2663
2671
2674
2675
2676
2678
2679
2681
2689
2694
2697
2700
2705
2708
2713
2715
2716
2720
2722
2723
2729
2730
2731
2734
2742
2749
2753
2755
2756
2761
2767
2769
2778
2780
2781
2783
2789
2791
2795
2801
2805
2807
2808
2809
2810
2813
2815
2821
2822
2823
2831
2838
2841
2849
2852
2859
2860
2865
2866
2869
2870
2879
2885
2887
2890
2894
2898
2903
2907
2908
2913
2919
2924
2925
2932
2944
2950
2954
2958
2960
2978
2983
2986
3000
3004
3013
3014
3017
3018
3019
3020
3023
3027
3029
3033
3034
3036
3042
3050
3052
3053
3060
3062
3063
3073
3075
3083
3087
3088
3089
3090
3091
3093
3094
3097
3098
3102
3104
3105
3106
3112
3114
3118
3120
3122
3125
3139
3140
3141
3150
3154
3155
3156
3160
3165
3173
3174
3180
3182
3185
3191
3193
3194
3195
3196
3198
3205
3208
3209
3212
3216
3223
3225
3226
3227
3229
3230
3234
3236
3238
3239
3240
3247
3249
3254
3256
3258
3259
3263
3268
3272
3279
3281
3285
3291
3296
3297
3305
3307
3313
3315
3317
3320
3322
3327
3329
3330
3339
3347
3348
3349
3350
3354
3363
3369
3372
3374
3383
3386
3388
3389
3392
3393
3394
3398
3400
3403
3404
3406
3408
3409
3410
3411
3415
3416
3417
3421
3422
3429
3434
3436
3440
3446
3449
3455
3456
3457
3464
3470
3472
3479
3485
3492
3495
3496
3498
3500
3504
3505
3508
3510
3511
3514
3516
3518
3534
3538
3549
3550
3554
3556
3557
3558
3560
3573
3577
3578
3581
3585
3590
3591
3592
3593
3595
3597
3603
3604
3607
3609
3616
3617
3619
3620
3625
3631
3635
3637
3638
3641
3643
3648
3649
3651
3655
3662
3665
3667
3672
3676
3679
3682
3684
3687
3688
3692
3696
3697
3699
3701
3709
3711
3719
3720
3723
3727
3729
3732
3742
3746
3747
3750
3753
3756
3759
3764
3765
3767
3768
3770
3775
3776
3777
3781
3782
3785
3789
3790
3796
3802
3803
3804
3808
3810
3814
3815
3817
3821
3822
3823
3827
3834
3836
3837
3840
3844
3851
3854
3856
3858
3860
3862
3863
3864
3872
3876
3883
3884
3887
3890
3896
3900
3901
3902
3909
3910
3914
3915
3917
3920
3928
3933
3938
3942
3943
3945
3947
3954
3962
3966
3968
3969
3973
3975
3981
3986
3993
4006
4007
4008
4010
4014
4019
4020
4025
4028
4029
4039
4040
4041
4044
4047
4048
4061
4069
4070
4072
4073
4077
4085
4088
4091
4093
4095
4097
4102
4104
4108
4109
4111
4114
4118
4119
4122
4124
4125
4136
4137
4145
4147
4157
4158
4165
4166
4174
4183
4185
4197
4198
4200
4204
4206
4209
4214
4216
4225
4228
4232
4250
4252
4254
4258
4263
4265
4267
4274
4275
4283
4284
4285
4293
4297
4300
4308
4310
4312
4314
4318
4322
4329
4330
4338
4339
4340
4341
4342
4349
4351
4354
4356
4357
4360
4369
4376
4380
4381
4382
4384
4386
4390
4391
4394
4395
4396
4398
4399
4400
4409
4413
4414
4417
4420
4423
4429
4430
4431
4437
4438
4442
4446
4447
4452
4453
4457
4459
4461
4462
4464
4465
4466
4473
4476
4480
4485
4489
4495
4496
4499
4502
4503
4505
4515
4519
4525
4532
4534
4536
4537
4541
4542
4544
4548
4549
4550
4551
4553
4558
4560
4562
4563
4564
4572
4577
4579
4581
4583
4585
4587
4594
4595
4598
4599
4602
4609
4614
4624
4631
4632
4633
4639
4640
4645
4646
4650
4651
4653
4659
4661
4672
4674
4678
4680
4682
4683
4685
4692
4698
4700
4701
4703
4707
4708
4711
4713
4716
4718
4722
4728
4729
4730
4731
4732
4739
4740
4743
4745
4746
4748
4751
4766
4767
4774
4777
4778
4779
4783
4788
4789
4791
4792
4794
4798
4800
4801
4810
4817
4818
4819
4820
4823
4824
4825
4827
4831
4834
4837
4841
4844
4850
4856
4862
4864
4873
4876
4878
4879
4881
4884
4891
4900
4905
4906
4908
4909
4912
4914
4916
4919
4925
4927
4928
4929
4933
4935
4939
4941
4945
4954
4956
4963
4969
4977
4985
4986
4987
4991
4994
4997
4998
4999
5001
5003
5004
5013
5015
5016
5017
5024
5027
5029
5032
5037
5042
5044
5052
5053
5057
5059
5066
5068
5070
5075
5083
5087
5092
5093
5095
5099
5100
5101
5103
5105
5112
5116
5119
5120
5125
5128
5130
5131
5140
5142
5144
5145
5146
5150
5153
5154
5155
5157
5166
5170
5179
5183
5192
5195
5197
5198
5200
5206
5210
5215
5216
5217
5224
5226
5229
5233
5236
5242
5250
5251
5253
5259
5270
5277
5280
5293
5295
5297
5304
5305
5307
5309
5318
5323
5326
5327
5339
5340
5347
5348
5349
5350
5351
5354
5355
5357
5365
5374
5375
5376
5389
5391
5392
5398
5399
5400
5402
5403
5406
5407
5408
5411
5414
5416
5423
5438
5443
5444
5448
5450
5454
5460
5463
5468
5473
5474
5477
5485
5493
5495
5502
5511
5512
5520
5521
5523
5528
5530
5534
5545
5548
5551
5552
5553
5555
5559
5566
5578
5582
5583
5585
5588
5593
5594
5596
5599
5600
5610
5623
5626
5633
5634
5635
5641
5644
5645
5646
5647
5649
5654
5657
5661
5667
5668
5669
5670
5675
5676
5677
5682
5686
5688
5695
5703
5705
5707
5709
5713
5719
5720
5721
5724
5730
5731
5735
5737
5746
5751
5753
5759
5769
5771
5772
5777
5781
5793
5799
5807
5812
5813
5816
5818
5819
5822
5829
5830
5833
5837
5838
5839
5840
5842
5843
5852
5853
5855
5857
5860
5866
5867
5869
5875
5878
5886
5893
5894
5895
5898
5899
5918
5920
5923
5924
5927
5928
5929
5930
5933
5936
5939
5942
5944
5952
5953
5959
5968
5975
5976
5977
5988
5993
5996
5999
6001
6002
6004
6005
6008
6010
6016
6022
6028
6029
6033
6037
6038
6040
6041
6044
6056
6057
6059
6062
6067
6082
6085
6095
6097
6103
6107
